%F	task_id	actv_code_type_id	actv_code_id	proj_id
%R	94099	148	1529	4251
%R	94099	1276	2951	4251
%R	94099	1277	2992	4251
%R	94099	1278	3102	4251
%R	94099	1279	3228	4251
%R	94099	1280	3233	4251
%R	94099	1281	3255	4251
%R	94099	1282	3268	4251
%R	94099	1283	3358	4251
%R	94099	1284	3372	4251
%R	94099	1285	3379	4251
%R	94100	148	1529	4251
%R	94100	1276	2948	4251
%R	94100	1277	3000	4251
%R	94100	1278	3098	4251
%R	94100	1279	3229	4251
%R	94100	1280	3251	4251
%R	94100	1281	3255	4251
%R	94100	1282	3261	4251
%R	94100	1283	3358	4251
%R	94100	1284	3371	4251
%R	94100	1285	3379	4251
%R	94101	148	1523	4251
%R	94101	1276	2957	4251
%R	94101	1277	2975	4251
%R	94101	1278	3159	4251
%R	94101	1279	3229	4251
%R	94101	1280	3233	4251
%R	94101	1281	3255	4251
%R	94101	1282	3278	4251
%R	94101	1283	3358	4251
%R	94101	1284	3375	4251
%R	94101	1285	3379	4251
%R	94102	148	1523	4251
%R	94102	1276	2956	4251
%R	94102	1277	2985	4251
%R	94102	1278	3159	4251
%R	94102	1279	3229	4251
%R	94102	1280	3248	4251
%R	94102	1281	3253	4251
%R	94102	1282	3279	4251
%R	94102	1283	3358	4251
%R	94102	1284	3360	4251
%R	94102	1285	3379	4251
%R	94103	148	1522	4251
%R	94103	1276	2951	4251
%R	94103	1277	2991	4251
%R	94103	1278	3141	4251
%R	94103	1279	3228	4251
%R	94103	1280	3250	4251
%R	94103	1281	3253	4251
%R	94103	1282	3261	4251
%R	94103	1283	3358	4251
%R	94103	1284	3371	4251
%R	94103	1285	3379	4251
%R	94104	148	1529	4251
%R	94104	1276	2951	4251
%R	94104	1277	2995	4251
%R	94104	1278	3102	4251
%R	94104	1279	3228	4251
%R	94104	1280	3233	4251
%R	94104	1281	3253	4251
%R	94104	1282	3268	4251
%R	94104	1283	3358	4251
%R	94104	1284	3371	4251
%R	94104	1285	3379	4251
%R	94105	148	1529	4251
%R	94105	1276	2948	4251
%R	94105	1277	3000	4251
%R	94105	1278	3102	4251
%R	94105	1279	3228	4251
%R	94105	1280	3248	4251
%R	94105	1281	3253	4251
%R	94105	1282	3269	4251
%R	94105	1283	3358	4251
%R	94105	1284	3365	4251
%R	94105	1285	3379	4251
%R	94106	148	1529	4251
%R	94106	1276	2951	4251
%R	94106	1277	2992	4251
%R	94106	1278	3102	4251
%R	94106	1279	3228	4251
%R	94106	1280	3233	4251
%R	94106	1281	3253	4251
%R	94106	1282	3268	4251
%R	94106	1283	3358	4251
%R	94106	1284	3371	4251
%R	94106	1285	3379	4251
%R	94107	148	1529	4251
%R	94107	1276	2948	4251
%R	94107	1277	3000	4251
%R	94107	1278	3102	4251
%R	94107	1279	3228	4251
%R	94107	1280	3248	4251
%R	94107	1281	3253	4251
%R	94107	1282	3269	4251
%R	94107	1283	3358	4251
%R	94107	1284	3365	4251
%R	94107	1285	3379	4251
%R	94108	148	1529	4251
%R	94108	1276	2951	4251
%R	94108	1277	2994	4251
%R	94108	1278	3102	4251
%R	94108	1279	3228	4251
%R	94108	1280	3233	4251
%R	94108	1281	3255	4251
%R	94108	1282	3268	4251
%R	94108	1283	3358	4251
%R	94108	1284	3371	4251
%R	94108	1285	3379	4251
%R	94109	148	1522	4251
%R	94109	1276	2957	4251
%R	94109	1277	2975	4251
%R	94109	1278	3159	4251
%R	94109	1279	3228	4251
%R	94109	1280	3233	4251
%R	94109	1281	3255	4251
%R	94109	1282	3262	4251
%R	94109	1283	3358	4251
%R	94109	1284	3377	4251
%R	94109	1285	3379	4251
%R	94110	148	1528	4251
%R	94110	1276	2956	4251
%R	94110	1277	2985	4251
%R	94110	1278	3056	4251
%R	94110	1279	3228	4251
%R	94110	1280	3238	4251
%R	94110	1281	3255	4251
%R	94110	1282	3261	4251
%R	94110	1283	3358	4251
%R	94110	1284	3371	4251
%R	94110	1285	3379	4251
%R	94111	148	1528	4251
%R	94111	1276	2956	4251
%R	94111	1277	2985	4251
%R	94111	1278	3056	4251
%R	94111	1279	3228	4251
%R	94111	1280	3238	4251
%R	94111	1281	3255	4251
%R	94111	1282	3261	4251
%R	94111	1283	3358	4251
%R	94111	1284	3371	4251
%R	94111	1285	3379	4251
%R	94112	148	1528	4251
%R	94112	1276	2956	4251
%R	94112	1277	2985	4251
%R	94112	1278	3056	4251
%R	94112	1279	3228	4251
%R	94112	1280	3238	4251
%R	94112	1281	3255	4251
%R	94112	1282	3261	4251
%R	94112	1283	3358	4251
%R	94112	1284	3371	4251
%R	94112	1285	3379	4251
%R	94113	148	1528	4251
%R	94113	1276	2956	4251
%R	94113	1277	2985	4251
%R	94113	1278	3056	4251
%R	94113	1279	3228	4251
%R	94113	1280	3238	4251
%R	94113	1281	3255	4251
%R	94113	1282	3261	4251
%R	94113	1283	3358	4251
%R	94113	1284	3371	4251
%R	94113	1285	3379	4251
%R	94114	148	1529	4251
%R	94114	1276	2956	4251
%R	94114	1277	2985	4251
%R	94114	1278	3056	4251
%R	94114	1279	3228	4251
%R	94114	1280	3238	4251
%R	94114	1281	3255	4251
%R	94114	1282	3266	4251
%R	94114	1283	3358	4251
%R	94114	1284	3371	4251
%R	94114	1285	3379	4251
%R	94115	148	1529	4251
%R	94115	1276	2956	4251
%R	94115	1277	2985	4251
%R	94115	1278	3056	4251
%R	94115	1279	3228	4251
%R	94115	1280	3238	4251
%R	94115	1281	3255	4251
%R	94115	1282	3266	4251
%R	94115	1283	3358	4251
%R	94115	1284	3371	4251
%R	94115	1285	3379	4251
%R	94116	148	1529	4251
%R	94116	1276	2956	4251
%R	94116	1277	2985	4251
%R	94116	1278	3056	4251
%R	94116	1279	3229	4251
%R	94116	1280	3238	4251
%R	94116	1281	3255	4251
%R	94116	1282	3266	4251
%R	94116	1283	3358	4251
%R	94116	1284	3371	4251
%R	94116	1285	3379	4251
%R	94117	148	1529	4251
%R	94117	1276	2956	4251
%R	94117	1277	2985	4251
%R	94117	1278	3056	4251
%R	94117	1279	3228	4251
%R	94117	1280	3238	4251
%R	94117	1281	3255	4251
%R	94117	1282	3266	4251
%R	94117	1283	3358	4251
%R	94117	1284	3371	4251
%R	94117	1285	3379	4251
%R	94118	148	1529	4251
%R	94118	1276	2956	4251
%R	94118	1277	2985	4251
%R	94118	1278	3056	4251
%R	94118	1279	3228	4251
%R	94118	1280	3238	4251
%R	94118	1281	3255	4251
%R	94118	1282	3266	4251
%R	94118	1283	3358	4251
%R	94118	1284	3371	4251
%R	94118	1285	3379	4251
%R	94119	148	1528	4251
%R	94119	1276	2956	4251
%R	94119	1277	2989	4251
%R	94119	1278	3128	4251
%R	94119	1279	3229	4251
%R	94119	1280	3238	4251
%R	94119	1281	3255	4251
%R	94119	1282	3279	4251
%R	94119	1283	3358	4251
%R	94119	1284	3375	4251
%R	94119	1285	3379	4251
%R	94120	148	1528	4251
%R	94120	1276	2956	4251
%R	94120	1277	2989	4251
%R	94120	1278	3128	4251
%R	94120	1279	3229	4251
%R	94120	1280	3238	4251
%R	94120	1281	3255	4251
%R	94120	1282	3279	4251
%R	94120	1283	3358	4251
%R	94120	1284	3375	4251
%R	94120	1285	3379	4251
%R	94121	148	1526	4251
%R	94121	1276	2951	4251
%R	94121	1277	2991	4251
%R	94121	1278	3086	4251
%R	94121	1279	3229	4251
%R	94121	1280	3238	4251
%R	94121	1281	3254	4251
%R	94121	1282	3279	4251
%R	94121	1283	3358	4251
%R	94121	1284	3371	4251
%R	94121	1285	3379	4251
%R	94122	148	1526	4251
%R	94122	1276	2948	4251
%R	94122	1277	3000	4251
%R	94122	1278	3086	4251
%R	94122	1279	3228	4251
%R	94122	1280	3248	4251
%R	94122	1281	3253	4251
%R	94122	1282	3279	4251
%R	94122	1283	3358	4251
%R	94122	1284	3371	4251
%R	94122	1285	3379	4251
%R	94123	148	1526	4251
%R	94123	1276	2956	4251
%R	94123	1277	2985	4251
%R	94123	1278	3086	4251
%R	94123	1279	3228	4251
%R	94123	1280	3248	4251
%R	94123	1281	3259	4251
%R	94123	1282	3268	4251
%R	94123	1283	3358	4251
%R	94123	1284	3360	4251
%R	94123	1285	3379	4251
%R	94124	148	1526	4251
%R	94124	1276	2951	4251
%R	94124	1277	2991	4251
%R	94124	1278	3086	4251
%R	94124	1279	3229	4251
%R	94124	1280	3238	4251
%R	94124	1281	3259	4251
%R	94124	1282	3267	4251
%R	94124	1283	3358	4251
%R	94124	1284	3371	4251
%R	94124	1285	3379	4251
%R	94125	148	1522	4251
%R	94125	1276	2956	4251
%R	94125	1277	2988	4251
%R	94125	1278	3120	4251
%R	94125	1279	3228	4251
%R	94125	1280	3237	4251
%R	94125	1281	3253	4251
%R	94125	1282	3261	4251
%R	94125	1283	3358	4251
%R	94125	1284	3375	4251
%R	94125	1285	3379	4251
%R	94126	148	1529	4251
%R	94126	1276	2951	4251
%R	94126	1277	2991	4251
%R	94126	1278	3099	4251
%R	94126	1279	3228	4251
%R	94126	1280	3233	4251
%R	94126	1281	3253	4251
%R	94126	1282	3267	4251
%R	94126	1283	3358	4251
%R	94126	1284	3371	4251
%R	94126	1285	3379	4251
%R	94127	148	1526	4251
%R	94127	1276	2951	4251
%R	94127	1277	2991	4251
%R	94127	1278	3086	4251
%R	94127	1279	3228	4251
%R	94127	1280	3233	4251
%R	94127	1281	3253	4251
%R	94127	1282	3268	4251
%R	94127	1283	3358	4251
%R	94127	1284	3371	4251
%R	94127	1285	3379	4251
%R	94128	148	1529	4251
%R	94128	1276	2957	4251
%R	94128	1277	2975	4251
%R	94128	1278	3126	4251
%R	94128	1279	3228	4251
%R	94128	1280	3233	4251
%R	94128	1281	3255	4251
%R	94128	1282	3261	4251
%R	94128	1283	3358	4251
%R	94128	1284	3375	4251
%R	94128	1285	3379	4251
%R	94129	148	1528	4251
%R	94129	1276	2948	4251
%R	94129	1277	3000	4251
%R	94129	1278	3126	4251
%R	94129	1279	3228	4251
%R	94129	1280	3248	4251
%R	94129	1281	3253	4251
%R	94129	1282	3261	4251
%R	94129	1283	3358	4251
%R	94129	1284	3360	4251
%R	94129	1285	3379	4251
%R	94130	148	1523	4251
%R	94130	1276	2948	4251
%R	94130	1277	3000	4251
%R	94130	1278	3081	4251
%R	94130	1279	3228	4251
%R	94130	1280	3248	4251
%R	94130	1281	3253	4251
%R	94130	1282	3261	4251
%R	94130	1283	3358	4251
%R	94130	1284	3360	4251
%R	94130	1285	3379	4251
%R	94131	148	1528	4251
%R	94131	1276	2956	4251
%R	94131	1277	2985	4251
%R	94131	1278	3107	4251
%R	94131	1279	3228	4251
%R	94131	1280	3245	4251
%R	94131	1281	3253	4251
%R	94131	1282	3279	4251
%R	94131	1283	3358	4251
%R	94131	1284	3360	4251
%R	94131	1285	3379	4251
%R	94132	148	1528	4251
%R	94132	1276	2956	4251
%R	94132	1277	2985	4251
%R	94132	1278	3122	4251
%R	94132	1279	3229	4251
%R	94132	1280	3233	4251
%R	94132	1281	3259	4251
%R	94132	1282	3261	4251
%R	94132	1283	3358	4251
%R	94132	1284	3371	4251
%R	94132	1285	3379	4251
%R	94133	148	1528	4251
%R	94133	1276	2948	4251
%R	94133	1277	2999	4251
%R	94133	1278	3011	4251
%R	94133	1279	3228	4251
%R	94133	1280	3230	4251
%R	94133	1281	3260	4251
%R	94133	1282	3279	4251
%R	94133	1283	3358	4251
%R	94133	1284	3360	4251
%R	94133	1285	3379	4251
%R	94134	148	1523	4251
%R	94134	1276	2948	4251
%R	94134	1277	2999	4251
%R	94134	1278	3051	4251
%R	94134	1279	3228	4251
%R	94134	1280	3230	4251
%R	94134	1281	3260	4251
%R	94134	1282	3279	4251
%R	94134	1283	3358	4251
%R	94134	1284	3360	4251
%R	94134	1285	3379	4251
%R	94135	148	1528	4251
%R	94135	1276	2948	4251
%R	94135	1277	2999	4251
%R	94135	1278	3011	4251
%R	94135	1279	3228	4251
%R	94135	1280	3230	4251
%R	94135	1281	3260	4251
%R	94135	1282	3279	4251
%R	94135	1283	3358	4251
%R	94135	1284	3360	4251
%R	94135	1285	3379	4251
%R	94136	148	1528	4251
%R	94136	1276	2948	4251
%R	94136	1277	2999	4251
%R	94136	1278	3011	4251
%R	94136	1279	3228	4251
%R	94136	1280	3230	4251
%R	94136	1281	3260	4251
%R	94136	1282	3279	4251
%R	94136	1283	3358	4251
%R	94136	1284	3360	4251
%R	94136	1285	3379	4251
%R	94137	148	1529	4251
%R	94137	1276	2948	4251
%R	94137	1277	2999	4251
%R	94137	1278	3011	4251
%R	94137	1279	3228	4251
%R	94137	1280	3230	4251
%R	94137	1281	3260	4251
%R	94137	1282	3279	4251
%R	94137	1283	3358	4251
%R	94137	1284	3360	4251
%R	94137	1285	3379	4251
%R	94138	148	1523	4251
%R	94138	1276	2948	4251
%R	94138	1277	2999	4251
%R	94138	1278	3011	4251
%R	94138	1279	3228	4251
%R	94138	1280	3230	4251
%R	94138	1281	3260	4251
%R	94138	1282	3279	4251
%R	94138	1283	3358	4251
%R	94138	1284	3360	4251
%R	94138	1285	3379	4251
%R	94139	148	1528	4251
%R	94139	1276	2948	4251
%R	94139	1277	2999	4251
%R	94139	1278	3011	4251
%R	94139	1279	3228	4251
%R	94139	1280	3230	4251
%R	94139	1281	3260	4251
%R	94139	1282	3279	4251
%R	94139	1283	3358	4251
%R	94139	1284	3360	4251
%R	94139	1285	3379	4251
%R	94140	148	1528	4251
%R	94140	1276	2948	4251
%R	94140	1277	2999	4251
%R	94140	1278	3013	4251
%R	94140	1279	3228	4251
%R	94140	1280	3230	4251
%R	94140	1281	3260	4251
%R	94140	1282	3279	4251
%R	94140	1283	3358	4251
%R	94140	1284	3360	4251
%R	94140	1285	3379	4251
%R	94141	148	1523	4251
%R	94141	1276	2948	4251
%R	94141	1277	2999	4251
%R	94141	1278	3011	4251
%R	94141	1279	3228	4251
%R	94141	1280	3230	4251
%R	94141	1281	3260	4251
%R	94141	1282	3279	4251
%R	94141	1283	3358	4251
%R	94141	1284	3360	4251
%R	94141	1285	3379	4251
%R	94142	148	1523	4251
%R	94142	1276	2948	4251
%R	94142	1277	2999	4251
%R	94142	1278	3011	4251
%R	94142	1279	3228	4251
%R	94142	1280	3230	4251
%R	94142	1281	3260	4251
%R	94142	1282	3279	4251
%R	94142	1283	3358	4251
%R	94142	1284	3360	4251
%R	94142	1285	3379	4251
%R	94143	148	1523	4251
%R	94143	1276	2948	4251
%R	94143	1277	2999	4251
%R	94143	1278	3011	4251
%R	94143	1279	3228	4251
%R	94143	1280	3230	4251
%R	94143	1281	3260	4251
%R	94143	1282	3279	4251
%R	94143	1283	3358	4251
%R	94143	1284	3360	4251
%R	94143	1285	3379	4251
%R	94144	148	1523	4251
%R	94144	1276	2948	4251
%R	94144	1277	2999	4251
%R	94144	1278	3011	4251
%R	94144	1279	3228	4251
%R	94144	1280	3230	4251
%R	94144	1281	3260	4251
%R	94144	1282	3279	4251
%R	94144	1283	3358	4251
%R	94144	1284	3360	4251
%R	94144	1285	3379	4251
%R	94145	148	1523	4251
%R	94145	1276	2948	4251
%R	94145	1277	2999	4251
%R	94145	1278	3011	4251
%R	94145	1279	3228	4251
%R	94145	1280	3230	4251
%R	94145	1281	3260	4251
%R	94145	1282	3279	4251
%R	94145	1283	3358	4251
%R	94145	1284	3360	4251
%R	94145	1285	3379	4251
%R	94146	148	1528	4251
%R	94146	1276	2948	4251
%R	94146	1277	2999	4251
%R	94146	1278	3106	4251
%R	94146	1279	3227	4251
%R	94146	1280	3230	4251
%R	94146	1281	3260	4251
%R	94146	1282	3279	4251
%R	94146	1283	3358	4251
%R	94146	1284	3360	4251
%R	94146	1285	3379	4251
%R	94147	148	1529	4251
%R	94147	1276	2948	4251
%R	94147	1277	2999	4251
%R	94147	1278	3106	4251
%R	94147	1279	3228	4251
%R	94147	1280	3230	4251
%R	94147	1281	3260	4251
%R	94147	1282	3279	4251
%R	94147	1283	3358	4251
%R	94147	1284	3360	4251
%R	94147	1285	3379	4251
%R	94148	148	1528	4251
%R	94148	1276	2948	4251
%R	94148	1277	2999	4251
%R	94148	1278	3011	4251
%R	94148	1279	3228	4251
%R	94148	1280	3230	4251
%R	94148	1281	3260	4251
%R	94148	1282	3279	4251
%R	94148	1283	3358	4251
%R	94148	1284	3360	4251
%R	94148	1285	3379	4251
%R	94149	148	1528	4251
%R	94149	1276	2948	4251
%R	94149	1277	2999	4251
%R	94149	1278	3011	4251
%R	94149	1279	3228	4251
%R	94149	1280	3230	4251
%R	94149	1281	3260	4251
%R	94149	1282	3279	4251
%R	94149	1283	3358	4251
%R	94149	1284	3360	4251
%R	94149	1285	3379	4251
%R	94150	148	1523	4251
%R	94150	1276	2948	4251
%R	94150	1277	2999	4251
%R	94150	1278	3011	4251
%R	94150	1279	3228	4251
%R	94150	1280	3230	4251
%R	94150	1281	3260	4251
%R	94150	1282	3279	4251
%R	94150	1283	3358	4251
%R	94150	1284	3360	4251
%R	94150	1285	3379	4251
%R	94151	148	1523	4251
%R	94151	1276	2948	4251
%R	94151	1277	2999	4251
%R	94151	1278	3011	4251
%R	94151	1279	3228	4251
%R	94151	1280	3230	4251
%R	94151	1281	3260	4251
%R	94151	1282	3279	4251
%R	94151	1283	3358	4251
%R	94151	1284	3360	4251
%R	94151	1285	3379	4251
%R	94152	148	1526	4251
%R	94152	1276	2948	4251
%R	94152	1277	2999	4251
%R	94152	1278	3011	4251
%R	94152	1279	3228	4251
%R	94152	1280	3230	4251
%R	94152	1281	3260	4251
%R	94152	1282	3279	4251
%R	94152	1283	3358	4251
%R	94152	1284	3360	4251
%R	94152	1285	3379	4251
%R	94153	148	1529	4251
%R	94153	1276	2948	4251
%R	94153	1277	2999	4251
%R	94153	1278	3011	4251
%R	94153	1279	3228	4251
%R	94153	1280	3230	4251
%R	94153	1281	3260	4251
%R	94153	1282	3279	4251
%R	94153	1283	3358	4251
%R	94153	1284	3360	4251
%R	94153	1285	3379	4251
%R	94154	148	1526	4251
%R	94154	1276	2948	4251
%R	94154	1277	2999	4251
%R	94154	1278	3011	4251
%R	94154	1279	3228	4251
%R	94154	1280	3230	4251
%R	94154	1281	3260	4251
%R	94154	1282	3279	4251
%R	94154	1283	3358	4251
%R	94154	1284	3360	4251
%R	94154	1285	3379	4251
%R	94155	148	1528	4251
%R	94155	1276	2948	4251
%R	94155	1277	2999	4251
%R	94155	1278	3011	4251
%R	94155	1279	3228	4251
%R	94155	1280	3230	4251
%R	94155	1281	3260	4251
%R	94155	1282	3279	4251
%R	94155	1283	3358	4251
%R	94155	1284	3360	4251
%R	94155	1285	3379	4251
%R	94156	148	1528	4251
%R	94156	1276	2948	4251
%R	94156	1277	2999	4251
%R	94156	1278	3011	4251
%R	94156	1279	3228	4251
%R	94156	1280	3230	4251
%R	94156	1281	3260	4251
%R	94156	1282	3279	4251
%R	94156	1283	3358	4251
%R	94156	1284	3360	4251
%R	94156	1285	3379	4251
%R	94157	148	1528	4251
%R	94157	1276	2948	4251
%R	94157	1277	2999	4251
%R	94157	1278	3011	4251
%R	94157	1279	3228	4251
%R	94157	1280	3230	4251
%R	94157	1281	3260	4251
%R	94157	1282	3279	4251
%R	94157	1283	3358	4251
%R	94157	1284	3360	4251
%R	94157	1285	3379	4251
%R	94158	148	1526	4251
%R	94158	1276	2959	4251
%R	94158	1277	2984	4251
%R	94158	1278	3199	4251
%R	94158	1279	3228	4251
%R	94158	1280	3230	4251
%R	94158	1281	3260	4251
%R	94158	1282	3279	4251
%R	94158	1283	3358	4251
%R	94158	1284	3360	4251
%R	94158	1285	3379	4251
%R	94159	148	1526	4251
%R	94159	1276	2948	4251
%R	94159	1277	2999	4251
%R	94159	1278	3011	4251
%R	94159	1279	3228	4251
%R	94159	1280	3230	4251
%R	94159	1281	3260	4251
%R	94159	1282	3279	4251
%R	94159	1283	3358	4251
%R	94159	1284	3360	4251
%R	94159	1285	3379	4251
%R	94160	148	1526	4251
%R	94160	1276	2948	4251
%R	94160	1277	2999	4251
%R	94160	1278	3011	4251
%R	94160	1279	3228	4251
%R	94160	1280	3230	4251
%R	94160	1281	3260	4251
%R	94160	1282	3279	4251
%R	94160	1283	3358	4251
%R	94160	1284	3360	4251
%R	94160	1285	3379	4251
%R	94161	148	1528	4251
%R	94161	1276	2948	4251
%R	94161	1277	2999	4251
%R	94161	1278	3011	4251
%R	94161	1279	3228	4251
%R	94161	1280	3230	4251
%R	94161	1281	3260	4251
%R	94161	1282	3279	4251
%R	94161	1283	3358	4251
%R	94161	1284	3360	4251
%R	94161	1285	3379	4251
%R	94162	148	1526	4251
%R	94162	1276	2948	4251
%R	94162	1277	2999	4251
%R	94162	1278	3011	4251
%R	94162	1279	3228	4251
%R	94162	1280	3230	4251
%R	94162	1281	3260	4251
%R	94162	1282	3279	4251
%R	94162	1283	3358	4251
%R	94162	1284	3360	4251
%R	94162	1285	3379	4251
%R	94163	148	1526	4251
%R	94163	1276	2948	4251
%R	94163	1277	2999	4251
%R	94163	1278	3011	4251
%R	94163	1279	3228	4251
%R	94163	1280	3230	4251
%R	94163	1281	3260	4251
%R	94163	1282	3279	4251
%R	94163	1283	3358	4251
%R	94163	1284	3360	4251
%R	94163	1285	3379	4251
%R	94164	148	1526	4251
%R	94164	1276	2948	4251
%R	94164	1277	2999	4251
%R	94164	1278	3011	4251
%R	94164	1279	3228	4251
%R	94164	1280	3230	4251
%R	94164	1281	3260	4251
%R	94164	1282	3279	4251
%R	94164	1283	3358	4251
%R	94164	1284	3360	4251
%R	94164	1285	3379	4251
%R	94165	148	1526	4251
%R	94165	1276	2948	4251
%R	94165	1277	2999	4251
%R	94165	1278	3011	4251
%R	94165	1279	3228	4251
%R	94165	1280	3230	4251
%R	94165	1281	3260	4251
%R	94165	1282	3279	4251
%R	94165	1283	3358	4251
%R	94165	1284	3360	4251
%R	94165	1285	3379	4251
%R	94166	148	1526	4251
%R	94166	1276	2948	4251
%R	94166	1277	2999	4251
%R	94166	1278	3011	4251
%R	94166	1279	3228	4251
%R	94166	1280	3230	4251
%R	94166	1281	3260	4251
%R	94166	1282	3279	4251
%R	94166	1283	3358	4251
%R	94166	1284	3360	4251
%R	94166	1285	3379	4251
%R	94167	148	1528	4251
%R	94167	1276	2945	4251
%R	94167	1277	2965	4251
%R	94167	1278	3013	4251
%R	94167	1279	3228	4251
%R	94167	1280	3230	4251
%R	94167	1281	3260	4251
%R	94167	1282	3279	4251
%R	94167	1283	3358	4251
%R	94167	1284	3360	4251
%R	94167	1285	3379	4251
%R	94168	148	1528	4251
%R	94168	1276	2945	4251
%R	94168	1277	2965	4251
%R	94168	1278	3013	4251
%R	94168	1279	3228	4251
%R	94168	1280	3230	4251
%R	94168	1281	3260	4251
%R	94168	1282	3279	4251
%R	94168	1283	3358	4251
%R	94168	1284	3360	4251
%R	94168	1285	3379	4251
%R	94169	148	1526	4251
%R	94169	1276	2948	4251
%R	94169	1277	2999	4251
%R	94169	1278	3013	4251
%R	94169	1279	3228	4251
%R	94169	1280	3230	4251
%R	94169	1281	3260	4251
%R	94169	1282	3279	4251
%R	94169	1283	3358	4251
%R	94169	1284	3360	4251
%R	94169	1285	3379	4251
%R	94170	148	1526	4251
%R	94170	1276	2948	4251
%R	94170	1277	2999	4251
%R	94170	1278	3013	4251
%R	94170	1279	3228	4251
%R	94170	1280	3230	4251
%R	94170	1281	3260	4251
%R	94170	1282	3279	4251
%R	94170	1283	3358	4251
%R	94170	1284	3360	4251
%R	94170	1285	3379	4251
%R	94171	148	1526	4251
%R	94171	1276	2948	4251
%R	94171	1277	2999	4251
%R	94171	1278	3013	4251
%R	94171	1279	3228	4251
%R	94171	1280	3230	4251
%R	94171	1281	3260	4251
%R	94171	1282	3279	4251
%R	94171	1283	3358	4251
%R	94171	1284	3360	4251
%R	94171	1285	3379	4251
%R	94172	148	1523	4251
%R	94172	1276	2948	4251
%R	94172	1277	2999	4251
%R	94172	1278	3013	4251
%R	94172	1279	3228	4251
%R	94172	1280	3230	4251
%R	94172	1281	3260	4251
%R	94172	1282	3279	4251
%R	94172	1283	3358	4251
%R	94172	1284	3360	4251
%R	94172	1285	3379	4251
%R	94173	148	1523	4251
%R	94173	1276	2948	4251
%R	94173	1277	2999	4251
%R	94173	1278	3013	4251
%R	94173	1279	3228	4251
%R	94173	1280	3230	4251
%R	94173	1281	3260	4251
%R	94173	1282	3279	4251
%R	94173	1283	3358	4251
%R	94173	1284	3360	4251
%R	94173	1285	3379	4251
%R	94174	148	1523	4251
%R	94174	1276	2948	4251
%R	94174	1277	2999	4251
%R	94174	1278	3013	4251
%R	94174	1279	3228	4251
%R	94174	1280	3230	4251
%R	94174	1281	3260	4251
%R	94174	1282	3279	4251
%R	94174	1283	3358	4251
%R	94174	1284	3360	4251
%R	94174	1285	3379	4251
%R	94175	148	1523	4251
%R	94175	1276	2948	4251
%R	94175	1277	2999	4251
%R	94175	1278	3013	4251
%R	94175	1279	3228	4251
%R	94175	1280	3230	4251
%R	94175	1281	3260	4251
%R	94175	1282	3279	4251
%R	94175	1283	3358	4251
%R	94175	1284	3360	4251
%R	94175	1285	3379	4251
%R	94176	148	1523	4251
%R	94176	1276	2948	4251
%R	94176	1277	2999	4251
%R	94176	1278	3013	4251
%R	94176	1279	3228	4251
%R	94176	1280	3230	4251
%R	94176	1281	3260	4251
%R	94176	1282	3279	4251
%R	94176	1283	3358	4251
%R	94176	1284	3360	4251
%R	94176	1285	3379	4251
%R	94177	148	1523	4251
%R	94177	1276	2948	4251
%R	94177	1277	2999	4251
%R	94177	1278	3013	4251
%R	94177	1279	3228	4251
%R	94177	1280	3230	4251
%R	94177	1281	3260	4251
%R	94177	1282	3279	4251
%R	94177	1283	3358	4251
%R	94177	1284	3360	4251
%R	94177	1285	3379	4251
%R	94178	148	1523	4251
%R	94178	1276	2948	4251
%R	94178	1277	2999	4251
%R	94178	1278	3013	4251
%R	94178	1279	3228	4251
%R	94178	1280	3230	4251
%R	94178	1281	3260	4251
%R	94178	1282	3279	4251
%R	94178	1283	3358	4251
%R	94178	1284	3360	4251
%R	94178	1285	3379	4251
%R	94179	148	1523	4251
%R	94179	1276	2948	4251
%R	94179	1277	2999	4251
%R	94179	1278	3013	4251
%R	94179	1279	3228	4251
%R	94179	1280	3230	4251
%R	94179	1281	3260	4251
%R	94179	1282	3279	4251
%R	94179	1283	3358	4251
%R	94179	1284	3360	4251
%R	94179	1285	3379	4251
%R	94180	148	1528	4251
%R	94180	1276	2948	4251
%R	94180	1277	2999	4251
%R	94180	1278	3013	4251
%R	94180	1279	3228	4251
%R	94180	1280	3230	4251
%R	94180	1281	3260	4251
%R	94180	1282	3279	4251
%R	94180	1283	3358	4251
%R	94180	1284	3360	4251
%R	94180	1285	3379	4251
%R	94181	148	1528	4251
%R	94181	1276	2948	4251
%R	94181	1277	2999	4251
%R	94181	1278	3013	4251
%R	94181	1279	3228	4251
%R	94181	1280	3230	4251
%R	94181	1281	3260	4251
%R	94181	1282	3279	4251
%R	94181	1283	3358	4251
%R	94181	1284	3360	4251
%R	94181	1285	3379	4251
%R	94182	148	1529	4251
%R	94182	1276	2948	4251
%R	94182	1277	2999	4251
%R	94182	1278	3013	4251
%R	94182	1279	3228	4251
%R	94182	1280	3230	4251
%R	94182	1281	3260	4251
%R	94182	1282	3279	4251
%R	94182	1283	3358	4251
%R	94182	1284	3360	4251
%R	94182	1285	3379	4251
%R	94183	148	1523	4251
%R	94183	1276	2948	4251
%R	94183	1277	2999	4251
%R	94183	1278	3013	4251
%R	94183	1279	3228	4251
%R	94183	1280	3230	4251
%R	94183	1281	3260	4251
%R	94183	1282	3279	4251
%R	94183	1283	3358	4251
%R	94183	1284	3360	4251
%R	94183	1285	3379	4251
%R	94184	148	1523	4251
%R	94184	1276	2948	4251
%R	94184	1277	2999	4251
%R	94184	1278	3013	4251
%R	94184	1279	3228	4251
%R	94184	1280	3230	4251
%R	94184	1281	3260	4251
%R	94184	1282	3279	4251
%R	94184	1283	3358	4251
%R	94184	1284	3360	4251
%R	94184	1285	3379	4251
%R	94185	148	1523	4251
%R	94185	1276	2948	4251
%R	94185	1277	2999	4251
%R	94185	1278	3013	4251
%R	94185	1279	3228	4251
%R	94185	1280	3230	4251
%R	94185	1281	3260	4251
%R	94185	1282	3279	4251
%R	94185	1283	3358	4251
%R	94185	1284	3360	4251
%R	94185	1285	3379	4251
%R	94186	148	1523	4251
%R	94186	1276	2948	4251
%R	94186	1277	2999	4251
%R	94186	1278	3013	4251
%R	94186	1279	3228	4251
%R	94186	1280	3230	4251
%R	94186	1281	3260	4251
%R	94186	1282	3279	4251
%R	94186	1283	3358	4251
%R	94186	1284	3360	4251
%R	94186	1285	3379	4251
%R	94187	148	1523	4251
%R	94187	1276	2948	4251
%R	94187	1277	2999	4251
%R	94187	1278	3013	4251
%R	94187	1279	3228	4251
%R	94187	1280	3230	4251
%R	94187	1281	3260	4251
%R	94187	1282	3279	4251
%R	94187	1283	3358	4251
%R	94187	1284	3360	4251
%R	94187	1285	3379	4251
%R	94188	148	1523	4251
%R	94188	1276	2948	4251
%R	94188	1277	2999	4251
%R	94188	1278	3013	4251
%R	94188	1279	3228	4251
%R	94188	1280	3230	4251
%R	94188	1281	3260	4251
%R	94188	1282	3279	4251
%R	94188	1283	3358	4251
%R	94188	1284	3360	4251
%R	94188	1285	3379	4251
%R	94189	148	1523	4251
%R	94189	1276	2948	4251
%R	94189	1277	2999	4251
%R	94189	1278	3013	4251
%R	94189	1279	3228	4251
%R	94189	1280	3230	4251
%R	94189	1281	3260	4251
%R	94189	1282	3279	4251
%R	94189	1283	3358	4251
%R	94189	1284	3360	4251
%R	94189	1285	3379	4251
%R	94190	148	1523	4251
%R	94190	1276	2948	4251
%R	94190	1277	2999	4251
%R	94190	1278	3013	4251
%R	94190	1279	3228	4251
%R	94190	1280	3230	4251
%R	94190	1281	3260	4251
%R	94190	1282	3279	4251
%R	94190	1283	3358	4251
%R	94190	1284	3360	4251
%R	94190	1285	3379	4251
%R	94191	148	1528	4251
%R	94191	1276	2948	4251
%R	94191	1277	2999	4251
%R	94191	1278	3013	4251
%R	94191	1279	3228	4251
%R	94191	1280	3230	4251
%R	94191	1281	3260	4251
%R	94191	1282	3279	4251
%R	94191	1283	3358	4251
%R	94191	1284	3360	4251
%R	94191	1285	3379	4251
%R	94192	148	1528	4251
%R	94192	1276	2948	4251
%R	94192	1277	2999	4251
%R	94192	1278	3013	4251
%R	94192	1279	3228	4251
%R	94192	1280	3230	4251
%R	94192	1281	3260	4251
%R	94192	1282	3279	4251
%R	94192	1283	3358	4251
%R	94192	1284	3360	4251
%R	94192	1285	3379	4251
%R	94193	148	1528	4251
%R	94193	1276	2948	4251
%R	94193	1277	2999	4251
%R	94193	1278	3013	4251
%R	94193	1279	3228	4251
%R	94193	1280	3230	4251
%R	94193	1281	3260	4251
%R	94193	1282	3279	4251
%R	94193	1283	3358	4251
%R	94193	1284	3360	4251
%R	94193	1285	3379	4251
%R	94194	148	1528	4251
%R	94194	1276	2948	4251
%R	94194	1277	2999	4251
%R	94194	1278	3013	4251
%R	94194	1279	3228	4251
%R	94194	1280	3230	4251
%R	94194	1281	3260	4251
%R	94194	1282	3279	4251
%R	94194	1283	3358	4251
%R	94194	1284	3360	4251
%R	94194	1285	3379	4251
%R	94195	148	1525	4251
%R	94195	1276	2948	4251
%R	94195	1277	2999	4251
%R	94195	1278	3013	4251
%R	94195	1279	3228	4251
%R	94195	1280	3230	4251
%R	94195	1281	3260	4251
%R	94195	1282	3279	4251
%R	94195	1283	3358	4251
%R	94195	1284	3360	4251
%R	94195	1285	3379	4251
%R	94196	148	1528	4251
%R	94196	1276	2948	4251
%R	94196	1277	2999	4251
%R	94196	1278	3013	4251
%R	94196	1279	3228	4251
%R	94196	1280	3230	4251
%R	94196	1281	3260	4251
%R	94196	1282	3279	4251
%R	94196	1283	3358	4251
%R	94196	1284	3360	4251
%R	94196	1285	3379	4251
%R	94197	148	1525	4251
%R	94197	1276	2948	4251
%R	94197	1277	2999	4251
%R	94197	1278	3013	4251
%R	94197	1279	3228	4251
%R	94197	1280	3230	4251
%R	94197	1281	3260	4251
%R	94197	1282	3279	4251
%R	94197	1283	3358	4251
%R	94197	1284	3360	4251
%R	94197	1285	3379	4251
%R	94198	148	1525	4251
%R	94198	1276	2948	4251
%R	94198	1277	2999	4251
%R	94198	1278	3013	4251
%R	94198	1279	3228	4251
%R	94198	1280	3230	4251
%R	94198	1281	3260	4251
%R	94198	1282	3279	4251
%R	94198	1283	3358	4251
%R	94198	1284	3360	4251
%R	94198	1285	3379	4251
%R	94199	148	1528	4251
%R	94199	1276	2948	4251
%R	94199	1277	2999	4251
%R	94199	1278	3013	4251
%R	94199	1279	3228	4251
%R	94199	1280	3230	4251
%R	94199	1281	3260	4251
%R	94199	1282	3279	4251
%R	94199	1283	3358	4251
%R	94199	1284	3360	4251
%R	94199	1285	3379	4251
%R	94200	148	1525	4251
%R	94200	1276	2948	4251
%R	94200	1277	2999	4251
%R	94200	1278	3013	4251
%R	94200	1279	3228	4251
%R	94200	1280	3230	4251
%R	94200	1281	3260	4251
%R	94200	1282	3279	4251
%R	94200	1283	3358	4251
%R	94200	1284	3360	4251
%R	94200	1285	3379	4251
%R	94201	148	1525	4251
%R	94201	1276	2948	4251
%R	94201	1277	2999	4251
%R	94201	1278	3104	4251
%R	94201	1279	3228	4251
%R	94201	1280	3230	4251
%R	94201	1281	3260	4251
%R	94201	1282	3279	4251
%R	94201	1283	3358	4251
%R	94201	1284	3360	4251
%R	94201	1285	3379	4251
%R	94202	148	1525	4251
%R	94202	1276	2948	4251
%R	94202	1277	2999	4251
%R	94202	1278	3013	4251
%R	94202	1279	3228	4251
%R	94202	1280	3230	4251
%R	94202	1281	3260	4251
%R	94202	1282	3279	4251
%R	94202	1283	3358	4251
%R	94202	1284	3360	4251
%R	94202	1285	3379	4251
%R	94203	148	1525	4251
%R	94203	1276	2948	4251
%R	94203	1277	2999	4251
%R	94203	1278	3013	4251
%R	94203	1279	3228	4251
%R	94203	1280	3230	4251
%R	94203	1281	3260	4251
%R	94203	1282	3279	4251
%R	94203	1283	3358	4251
%R	94203	1284	3360	4251
%R	94203	1285	3379	4251
%R	94204	148	1525	4251
%R	94204	1276	2948	4251
%R	94204	1277	2999	4251
%R	94204	1278	3013	4251
%R	94204	1279	3228	4251
%R	94204	1280	3230	4251
%R	94204	1281	3260	4251
%R	94204	1282	3279	4251
%R	94204	1283	3358	4251
%R	94204	1284	3360	4251
%R	94204	1285	3379	4251
%R	94205	148	1525	4251
%R	94205	1276	2948	4251
%R	94205	1277	2999	4251
%R	94205	1278	3013	4251
%R	94205	1279	3228	4251
%R	94205	1280	3230	4251
%R	94205	1281	3260	4251
%R	94205	1282	3279	4251
%R	94205	1283	3358	4251
%R	94205	1284	3360	4251
%R	94205	1285	3379	4251
%R	94206	148	1528	4251
%R	94206	1276	2948	4251
%R	94206	1277	2999	4251
%R	94206	1278	3013	4251
%R	94206	1279	3228	4251
%R	94206	1280	3230	4251
%R	94206	1281	3260	4251
%R	94206	1282	3279	4251
%R	94206	1283	3358	4251
%R	94206	1284	3360	4251
%R	94206	1285	3379	4251
%R	94207	148	1528	4251
%R	94207	1276	2948	4251
%R	94207	1277	2999	4251
%R	94207	1278	3013	4251
%R	94207	1279	3228	4251
%R	94207	1280	3230	4251
%R	94207	1281	3260	4251
%R	94207	1282	3279	4251
%R	94207	1283	3358	4251
%R	94207	1284	3360	4251
%R	94207	1285	3379	4251
%R	94208	148	1528	4251
%R	94208	1276	2948	4251
%R	94208	1277	2999	4251
%R	94208	1278	3013	4251
%R	94208	1279	3228	4251
%R	94208	1280	3230	4251
%R	94208	1281	3260	4251
%R	94208	1282	3279	4251
%R	94208	1283	3358	4251
%R	94208	1284	3360	4251
%R	94208	1285	3379	4251
%R	94209	148	1525	4251
%R	94209	1276	2945	4251
%R	94209	1277	2965	4251
%R	94209	1278	3013	4251
%R	94209	1279	3228	4251
%R	94209	1280	3230	4251
%R	94209	1281	3260	4251
%R	94209	1282	3279	4251
%R	94209	1283	3358	4251
%R	94209	1284	3360	4251
%R	94209	1285	3379	4251
%R	94210	148	1528	4251
%R	94210	1276	2945	4251
%R	94210	1277	2965	4251
%R	94210	1278	3013	4251
%R	94210	1279	3228	4251
%R	94210	1280	3230	4251
%R	94210	1281	3260	4251
%R	94210	1282	3279	4251
%R	94210	1283	3358	4251
%R	94210	1284	3360	4251
%R	94210	1285	3379	4251
%R	94211	148	1526	4251
%R	94211	1276	2948	4251
%R	94211	1277	2999	4251
%R	94211	1278	3081	4251
%R	94211	1279	3227	4251
%R	94211	1280	3230	4251
%R	94211	1281	3260	4251
%R	94211	1282	3279	4251
%R	94211	1283	3358	4251
%R	94211	1284	3360	4251
%R	94211	1285	3379	4251
%R	94212	148	1523	4251
%R	94212	1276	2948	4251
%R	94212	1277	2999	4251
%R	94212	1278	3081	4251
%R	94212	1279	3227	4251
%R	94212	1280	3230	4251
%R	94212	1281	3260	4251
%R	94212	1282	3279	4251
%R	94212	1283	3358	4251
%R	94212	1284	3360	4251
%R	94212	1285	3379	4251
%R	94213	148	1522	4251
%R	94213	1276	2948	4251
%R	94213	1277	2999	4251
%R	94213	1278	3047	4251
%R	94213	1279	3227	4251
%R	94213	1280	3230	4251
%R	94213	1281	3260	4251
%R	94213	1282	3279	4251
%R	94213	1283	3358	4251
%R	94213	1284	3360	4251
%R	94213	1285	3379	4251
%R	94214	148	1522	4251
%R	94214	1276	2948	4251
%R	94214	1277	2999	4251
%R	94214	1278	3047	4251
%R	94214	1279	3227	4251
%R	94214	1280	3230	4251
%R	94214	1281	3260	4251
%R	94214	1282	3279	4251
%R	94214	1283	3358	4251
%R	94214	1284	3360	4251
%R	94214	1285	3379	4251
%R	94215	148	1522	4251
%R	94215	1276	2948	4251
%R	94215	1277	2999	4251
%R	94215	1278	3047	4251
%R	94215	1279	3227	4251
%R	94215	1280	3230	4251
%R	94215	1281	3260	4251
%R	94215	1282	3279	4251
%R	94215	1283	3358	4251
%R	94215	1284	3360	4251
%R	94215	1285	3379	4251
%R	94216	148	1522	4251
%R	94216	1276	2948	4251
%R	94216	1277	2999	4251
%R	94216	1278	3159	4251
%R	94216	1279	3227	4251
%R	94216	1280	3230	4251
%R	94216	1281	3260	4251
%R	94216	1282	3279	4251
%R	94216	1283	3358	4251
%R	94216	1284	3360	4251
%R	94216	1285	3379	4251
%R	94217	148	1522	4251
%R	94217	1276	2948	4251
%R	94217	1277	2999	4251
%R	94217	1278	3159	4251
%R	94217	1279	3227	4251
%R	94217	1280	3230	4251
%R	94217	1281	3260	4251
%R	94217	1282	3279	4251
%R	94217	1283	3358	4251
%R	94217	1284	3360	4251
%R	94217	1285	3379	4251
%R	94218	148	1526	4251
%R	94218	1276	2948	4251
%R	94218	1277	2999	4251
%R	94218	1278	3080	4251
%R	94218	1279	3227	4251
%R	94218	1280	3230	4251
%R	94218	1281	3260	4251
%R	94218	1282	3279	4251
%R	94218	1283	3358	4251
%R	94218	1284	3360	4251
%R	94218	1285	3379	4251
%R	94219	148	1522	4251
%R	94219	1276	2948	4251
%R	94219	1277	2999	4251
%R	94219	1278	3080	4251
%R	94219	1279	3227	4251
%R	94219	1280	3230	4251
%R	94219	1281	3260	4251
%R	94219	1282	3279	4251
%R	94219	1283	3358	4251
%R	94219	1284	3360	4251
%R	94219	1285	3379	4251
%R	94220	148	1523	4251
%R	94220	1276	2948	4251
%R	94220	1277	2999	4251
%R	94220	1278	3047	4251
%R	94220	1279	3227	4251
%R	94220	1280	3230	4251
%R	94220	1281	3260	4251
%R	94220	1282	3279	4251
%R	94220	1283	3358	4251
%R	94220	1284	3360	4251
%R	94220	1285	3379	4251
%R	94221	148	1522	4251
%R	94221	1276	2948	4251
%R	94221	1277	2999	4251
%R	94221	1278	3047	4251
%R	94221	1279	3227	4251
%R	94221	1280	3230	4251
%R	94221	1281	3260	4251
%R	94221	1282	3279	4251
%R	94221	1283	3358	4251
%R	94221	1284	3360	4251
%R	94221	1285	3379	4251
%R	94222	148	1528	4251
%R	94222	1276	2948	4251
%R	94222	1277	2999	4251
%R	94222	1278	3058	4251
%R	94222	1279	3227	4251
%R	94222	1280	3230	4251
%R	94222	1281	3260	4251
%R	94222	1282	3279	4251
%R	94222	1283	3358	4251
%R	94222	1284	3360	4251
%R	94222	1285	3379	4251
%R	94223	148	1523	4251
%R	94223	1276	2948	4251
%R	94223	1277	2999	4251
%R	94223	1278	3058	4251
%R	94223	1279	3227	4251
%R	94223	1280	3230	4251
%R	94223	1281	3260	4251
%R	94223	1282	3279	4251
%R	94223	1283	3358	4251
%R	94223	1284	3360	4251
%R	94223	1285	3379	4251
%R	94224	148	1522	4251
%R	94224	1276	2948	4251
%R	94224	1277	2999	4251
%R	94224	1278	3159	4251
%R	94224	1279	3227	4251
%R	94224	1280	3230	4251
%R	94224	1281	3260	4251
%R	94224	1282	3279	4251
%R	94224	1283	3358	4251
%R	94224	1284	3360	4251
%R	94224	1285	3379	4251
%R	94225	148	1522	4251
%R	94225	1276	2948	4251
%R	94225	1277	2999	4251
%R	94225	1278	3159	4251
%R	94225	1279	3227	4251
%R	94225	1280	3230	4251
%R	94225	1281	3260	4251
%R	94225	1282	3279	4251
%R	94225	1283	3358	4251
%R	94225	1284	3360	4251
%R	94225	1285	3379	4251
%R	94226	148	1522	4251
%R	94226	1276	2948	4251
%R	94226	1277	2999	4251
%R	94226	1278	3159	4251
%R	94226	1279	3227	4251
%R	94226	1280	3230	4251
%R	94226	1281	3260	4251
%R	94226	1282	3279	4251
%R	94226	1283	3358	4251
%R	94226	1284	3360	4251
%R	94226	1285	3379	4251
%R	94227	148	1522	4251
%R	94227	1276	2948	4251
%R	94227	1277	2999	4251
%R	94227	1278	3159	4251
%R	94227	1279	3227	4251
%R	94227	1280	3230	4251
%R	94227	1281	3260	4251
%R	94227	1282	3279	4251
%R	94227	1283	3358	4251
%R	94227	1284	3360	4251
%R	94227	1285	3379	4251
%R	94228	148	1522	4251
%R	94228	1276	2948	4251
%R	94228	1277	2999	4251
%R	94228	1278	3159	4251
%R	94228	1279	3227	4251
%R	94228	1280	3230	4251
%R	94228	1281	3260	4251
%R	94228	1282	3279	4251
%R	94228	1283	3358	4251
%R	94228	1284	3360	4251
%R	94228	1285	3379	4251
%R	94229	148	1522	4251
%R	94229	1278	3159	4251
%R	94230	148	1528	4251
